%YAML:1.0
---
model_type: PINHOLE
camera_name: camera
image_width: 1280
image_height: 720
distortion_parameters:
  k1: -0.034643738563733845
  k2: 0.028118963147165027
  p1: 0.00048742415927187604
  p2: -0.0003729749435374049
projection_parameters:
  fx: 643.0669220754221
  fy: 643.3892680728896
  cx: 640.8965046836516
  cy: 363.44238771193847